$ANSIBLE_VAULT;1.1;AES256
62383735303466623337383665356362303338326261626634613933613433373831393133663431
6263343237616361373234623638643263373336393236330a383362626161303832316263373233
39363933636530386266636634366339386432373535643739643537323534646433363739386364
3234663661653731610a313436653539313133376536363430393533623039306163366563353738
63343634383063356563383561623534633836376563633230656162366466323939363938333830
64356364346464386531353631663966666230663538373439613766343763386466323063303330
64343266663531616336393031396464363437356536353339363438326262633930383565623866
32613364636233316235376437383439363531323038653766666239326662626630643461326132
30616564613961303338666163393365346330663062653239306265383963653537363636313532
62373661633332316630656438373531646461643339653463376262303633323263623930313937
31643861373037363535613234353132353465313465393538333664396161303133363031363038
64346166373938316537653364336636623262383361373462373465353565356362336532636438
66613661663739393063346639363561646436376433353336333334313735636232323063373964
61313266363534653836646665643163376531616138323565333639653434663266663766623037
39306339616266623931623463336430646338343364633339633639386634326335656335613531
64306338656331656164353161303562373131656365623964633636353736386435376331653830
35336461316433616135616665656639323764306462336134623032383136383434346437643362
30663635366535643832613730336264303961623531633733343338613532346365336461613135
31333038616365393362636330653865333065313134326661616633363737316233313061663730
62646230666463303465653663643961386338363439613536643262393534386365313635373365
32393730356462326366323765393364383435373938313636366466613266383735313365393737
61653231613061313262616633363961633237316362326463363166623239383239383235396130
30353433633236653262363163643930376239646236646532383939383332376264616232653561
32653937653339393961646163336439386166653039386632353136386566646230336362666131
39643263363365353832653363373030393331646539383133363439333162313765656266306536
30626562316462323961333439383838363131636338616439646163643762323864303138343939
61346566663664323738323063616363333530623734653031613133616330333832343432623936
30376665623664663030633765363966336235396139653430343062346264303033366534343464
3531
